-0.0001808676385713315
-0.00018086655542396156
-0.00023257387310079357
-0.00041920310228701115
0.0001042377199909632
0.0011611225458772634
0.0028997422140183875
0.007357360213241059
0.011739472665809342
0.02051727046048653
0.032419254697731166
0.037073870073589726
0.05315496528454148
0.07259177428599564
0.07980483098247595
0.11234686448745917
0.12148026425638939
0.15070121282830495
0.172047833808182
0.20662509246238567
0.23126537691086352
0.2573473291111456
0.31312021995939354
0.34268586764308634
0.3733600487275785
0.4048730889740451
0.4705503123245879
0.5045125732241562
0.5567118150609514
0.592248998638896
0.6281653314735473
0.6643369432237263
0.719091874066921
0.7556718984208732
0.7922434955845669
0.8651552116100755
0.8832740565388489
0.9372407733259309
0.990444009846119
1.0253621096266885
1.0598036657269512
1.1102709140731928
1.1590744276789338
1.1906166070888775
1.2213189546055494
1.2656441441303434
1.2800358965987144
1.321702043170576
1.3614705929400295
1.3870421202442065
1.4115758565601235
1.447253680236935
1.481630502867489
1.5040023412001517
1.526323566584684
1.5596772381093815
1.5819296404334438
1.6157677640385393
1.6502230293126998
1.6619267172425518
2.4333095043048534
2.4320906762873404
2.4385136064116963
2.466273950992103
2.50354063717711
2.722878542367154
2.726780620726197
2.7395982179813445
2.7685453370884923
2.792539339966025
2.833207996190306
2.862819496569854
3.0792999141522186
3.093126460158539
3.073816922735588
3.1044976084954654
3.1285156191303627
3.167556902505291
3.1955193861849334
3.239870705157154
3.2703656752850034
3.316891749696463
3.3638967270892426
3.3795404935312536
3.4260567435424325
3.4566676935565184
3.486622594993543
3.5304023380410308
3.5587026254206275
3.599699879713813
3.626203227707265
3.66452892116794
3.6891630696895716
3.7249511936123203
3.7480745420925063
3.7706803016769235
3.804090503580465
3.8370910223225736
3.8480820957250463
3.8923395619599312
3.90341132101432
3.937274816877569
3.9603485601204853
4.007774508625662
4.032423442717079
4.0706617286504185
4.083760456203993
4.124250019068524
4.152066912181809
4.180609797824021
4.224612828594782
4.269848527344638
4.300731901570819
4.33205447008838
4.379566187786165
4.4277106425996005
4.459964613204221
4.492253698048136
4.540698504249459
4.572795383636388
4.6206625072959815
4.65224399333206
4.698899809342574
4.729540954403101
4.759610317184818
4.78907743780284
4.832079925333021
4.873833747734187
4.914251094691381
4.9405900181929585
4.966361584245693
5.004385235801489
5.0294062017599295
5.054262899522449
5.091380741989652
5.116180005758266
5.153472208089175
5.17864355073743
5.2169495286616145
5.242932237658935
5.282880908310705
5.296446475064125
5.337886426636783
5.366172779004895
5.424094856263064
5.438902338656141
5.483795779272689
5.529232191365731
5.575172686155169
5.6059524935335325
5.636826238353834
5.683294646697748
5.714202641238456
5.760511769937632
5.791222620916151
5.836847650692153
5.8669911626360856
5.881926338955308
5.926089996633732
5.969316945246984
6.0118126838964905
6.03970254342921
6.067312119068433
6.108340238629153
6.135474182554742
6.162505604052472
6.189573782161481
6.243575578372994
6.257197416234894
6.298312872103419
6.325920999395111
6.367951836094587
6.396232162617025
6.424642013649048
6.481899546720682
6.5106080667002395
6.539304702932953
6.568003075515957
6.610577978228746
6.6528999999739495
6.6809076280896615
6.708692074097
6.736520703989015
6.7781543114172305
6.81979575994953
6.84776345103158
6.889859556458422
6.932274927811244
6.9606653473481215
6.989093558663478
7.031819870357286
7.0743149878808635
7.102585955444262
7.130736941204601
7.158820701905951
7.186792171429181
7.228826641496298
7.2568220493948665
7.299020664598173
7.341375121274294
7.355449567054884
7.397941108990915
7.440282700489971
7.468330087350896
7.510472411501308
7.5245123671448475
7.5665530796615865
7.594693274491021
7.636878539712606
7.6650937814982365
7.7075323985698185
7.749781363125799
7.777980081170214
7.806083976768089
7.848125805407914
7.890268129278403
7.918393602520399
7.960602031169087
7.988859583852591
8.017035696852238
8.059342192268046
8.08758582211782
8.129683733273389
8.157808259746847
8.199955624084915
8.213929618785587
8.27021550641637
8.2843131907055
8.326536591438469
8.368846036603587
8.382884746734625
8.425094631548935
8.467341489873561
8.495312059263519
8.537559858105995
8.565671943597659
8.593759180770013
8.636014867801508
8.664199199311467
8.706410816762016
8.734617443567595
8.776783837311829
8.818970181668218
8.847167249726871
8.87515403774102
8.903336932135392
8.931506948292972
8.973658990465449
9.001835649119116
9.044095875821792
9.072234730810038
9.114496011783118
9.156661127677129
9.184744123942686
9.212668102353806
9.253938873187769
9.281018438979563
9.307503973540552
9.345956444616458
9.382993811174707
9.40673646347079
9.429662728994487
9.462703640015324
9.494053816583536
9.504141803922439
9.533261827406509
9.560782825130325
9.578357768705773
9.603374981298547
9.61922258960776
9.634540789276176
9.64926649005153
9.670315313146888
9.683650702485679
9.702649278455645
9.714662246659612
9.731761156199482
9.74261258039658
9.75808445192144
9.76794948099954
9.781900549103987
9.790799129312605
9.799296963560673
9.811360068188314
9.81897016548352
9.829833011088509
9.840051065727977
9.84652103758856
9.852739507479265
9.858702604660783
9.869983128933441
9.872681749696621
9.88027641436971
9.887463082240409
9.891968241710023
9.898460209087505
9.902532268982267
9.908425339325285
9.91216171382419
9.915743346675795
9.920794177969256
9.925515559830425
9.92841956256736
9.93126927950662
9.951024621843004
9.951024621843004
9.951389536001871
9.955065424109833
9.961467576201123
9.966856176569575
9.97566484570921
9.981533228561192
9.987273518398045
9.992327402459525
9.998558239066977
9.998773130557154
9.992888213909708
9.985090734939783
9.967102339369351
9.959334723120252
9.940937573705362
9.906751990041752
9.879857298245653
9.83411147371001
9.783197620219212
9.747185016754997
9.710292388632748
9.67290025502033
9.617326778849742
9.563968704372686
9.530439973259524
9.499271632988966
9.444889641480632
9.433326493360505
9.41269752179676
9.388737748918224
9.377698347959521
9.367353849476771
9.368528720652886
9.3780305795478
9.388303386569515
9.407874233625222
9.415212281494327
9.438382815897535
9.462357622050742
9.47812176609574
9.493452563738899
9.50819314899032
9.528461088616789
9.546225993724727
9.556426019421416
9.569228764643967
9.575906138160382
9.581194816692909
9.586048046202649
9.587222518896844
9.586797143401165
9.583145251213173
9.578755571898242
9.568934174187088
9.560279236399444
9.544339176869933
9.524789833123602
9.509741116503248
9.493283272007586
9.465604457106574
9.44525137301323
9.42346386038972
9.40040625724121
9.349972183500613
9.322944942808396
9.294563731988088
9.249853303798066
9.21861492827837
9.186439463521413
9.136220727944488
9.101571660446972
9.066066582158932
9.011415066974887
8.974156423167697
8.91703665748694
8.87827655058264
8.81931800153412
8.779526011573504
8.719367493438616
8.67904171799625
8.638584991040839
8.577840724446967
8.517250177870343
8.477050398209522
8.437102915636968
8.377745329875934
8.31919166951317
8.280684187471572
8.242574858945435
8.186264560680153
8.149303415274346
8.094834961445562
8.058998615530088
8.023340982631254
7.987779718609095
7.934495261020136
7.881036550523175
7.8452280855305405
7.809165791504582
7.754592835028461
7.717820416885499
7.662021778977083
7.624371134045854
7.58629626156232
7.528475932023342
7.46978792094737
7.410306045128171
7.390358536574807
7.330075044872986
7.269391530918051
7.22876514341469
7.167778533923485
7.147478691783533
7.086527618005413
7.025731359577434
6.985291174571335
6.924827046227836
6.884615548252941
6.844340850480632
6.78390003026524
6.743510454696461
6.682843497545328
6.642335219474394
6.601693278783114
6.54058590366114
6.499730804627814
6.417972287458865
6.39751716777884
6.336232789180235
6.29551209123596
6.234754089510337
6.194520075170226
6.134729155100104
6.0952667262727696
6.0367566690333785
5.99825155094161
5.9411931073488145
5.814180648084201
4.992792402086409
4.993517751686107
4.992119965475288
4.989934842840894
4.884590703305289
4.8829490066085395
4.878239476352491
4.8676132831208845
4.8581758624819384
4.810920511063315
4.579761936367592
4.575336765221405
4.5772294665442175
4.566423787461475
4.554396003588982
4.5303932044223165
4.510932718369486
4.465218983494505
4.452500230757859
4.411585802510098
4.3668902753602135
4.335175348416753
3.843647699601086
3.838394965118832
3.8322643498088986
3.811061383479146
3.790891432001833
3.767330466890915
3.7260748031909467
3.6954507049314302
3.6459996166557
3.61117004468579
3.5751322546478264
3.5192536825149796
3.4616878259055945
3.4225704389893927
3.3830977258375405
3.323288312667502
3.263170229342277
3.223098532155563
3.1831854257049748
3.1240311745959057
3.085285604890923
3.047057596091039
2.9911513961227714
2.954883413132423
2.9022921959339096
2.851947225952303
2.8357321654566032
2.773436593437709
2.758466758935986
2.715632598795877
2.674741135841467
2.648184948748752
2.6085036729637525
2.595160560745538
2.5550714424780794
2.527986028005421
2.4862751842955957
2.4431569718271438
2.413467309710178
2.3829890030666827
2.3518097588193068
2.303351185739345
2.253018196558529
2.2184247100233105
2.1651358168838413
2.110237261342718
2.0916250616074654
2.053889975389647
1.976835740036331
1.9572333140262435
1.8979770447377817
1.8581076245524006
1.797811610556948
1.7371584858520144
1.6966118679483315
1.6559979715646123
1.6154194685417183
1.5545910396423845
1.4939466550266873
1.4334102511100866
1.413222317412148
1.352676124829346
1.3122868539564865
1.251578281584837
1.211027166485148
1.1500614590447182
1.1093866407659905
1.0490582685106438
0.9900078386925003
0.970784503978521
0.9144224060195828
0.8779639714400655
0.8426723114653545
0.7753028714552097
0.7592643585752976
0.7131362547260961
0.6840143446895556
0.6430161960694648
0.6050976790476033
0.5816512083990838
0.559444228553084
0.5385333539975657
0.5095034399861743
0.4916666159500357
0.4668629724230622
0.44445316977964466
0.4305906585251905
0.4112122782332591
0.40508802954755
0.38730883141545214
0.37037923683145746
0.35415358910062156
0.3488037193980988
0.3333808689625612
0.3234124967647156
0.30864814793022044
0.2941575456760403
0.28931939947096624
0.2752422322348363
0.2614347857684692
0.24795073242095939
0.24356968716249278
0.23058305850126565
0.22209061655122886
0.20974677812610215
0.20179072582059923
0.19400335580280104
0.18272850224903434
0.17195288510574475
0.16505429499475596
0.15846110603946725
0.14902990674096914
0.14306959247755685
0.13458361748436218
0.12664694484370548
0.12166422523746828
0.11693072127563996
0.11029818740884424
0.10622910817735916
0.10234534360622592
0.07499331598693948
0.07515710908788441
0.074733854192076
0.07127311494807777
0.0668078466974941
0.05638599034294561
0.04167328475935683
0.028368500701331525
0.0004753527553765947
-0.011013987023554831
-0.0653013055436137
-0.08021867995445972
-0.12642776993178362
-0.15791554953368353
-0.18905869758954882
-0.23422109194547014
-0.27575804651427727
-0.3006927198972056
-0.3228361875662457
-0.3499392638687614
-0.36869813793225037
-0.3728893060912339
-0.37907925172984025
-0.3780189694190831
-0.3682167434506296
-0.29306552918050893
-0.23159492181302466
-0.2576148257433877
-0.23365569813667197
-0.20682996825292133
-0.14715573656294262
-0.13142808174971837
-0.08303731669572102
-0.03380196328306808
-0.0009253182120519468
0.10094954282440027
0.09135946142764319
0.05026901932312884
-0.027382324890295906
-0.07164635868931718
-0.028186556579918958
-0.06317464852746033
-0.11777263700052396
-0.17387897940025296
-0.19268184394502552
-0.24909547280143185
-0.30454472709692526
-0.3225980706425182
-0.3752030759270123
-0.42451284034689624
-0.6344112962368612
-0.632785002507397
-0.6416571042014356
-0.6463921502777839
-0.6637084578665629
-0.6773677038312198
-0.6996180869662877
-0.7225378670827732
-0.7452991291371799
-0.7848487516425701
-0.7737131649782858
-0.8711523559405558
-0.8712054786151144
-0.8706378908361796
-0.8788551212371752
-0.8912953287391826
-0.9011903949901523
-0.9117110724595304
-0.9224579460902119
-0.9388208402053863
-0.949430879828911
-0.969504801439664
-0.9741096110582206
-0.9827555697099326
-0.9970526445868508
-1.0024402999026523
-1.0065343001265092
-1.0099754556739025
-1.010138755578641
-1.0071932870937208
-1.003006426048536
-0.9970879726532871
-0.9850367860310821
-0.9691456821439696
-0.956662787240473
-0.9426836362881293
-0.9273249726949458
-0.9018803632622655
-0.873496716955678
-0.8531997203565703
-0.8213639415930096
-0.810423771794391
-0.7774665779149913
-0.7553214083654842
-0.722449933385653
-0.7008958411400316
-0.6694466203018958
-0.6492929987075481
-0.6297392301291178
-0.6021422291876902
-0.5769257924532883
-0.5614634111995744
-0.5474274387241916
-0.5287454336303431
-0.5181813452446562
-0.5052569363125237
-0.4956104649585035
-0.4931697577848073
-0.4880297842058841
-0.4861760997579855
-0.48647621428008503
-0.4879132692115265
-0.49240993674388
-0.4969075008836603
-0.5021642516423704
-0.5113570855263283
-0.518004413875414
-0.5281293484449041
-0.5381141350625105
-0.5445121017333152
-0.5503947864426906
-0.5584102219145455
-0.5630128716708976
-0.5683508620838
-0.5715960534651864
-0.5720911301567155
-0.572018190951308
-0.5690197533052392
-0.5652832447990058
-0.5600578956647045
-0.5494748191934177
-0.54058251978836
-0.52484367707873
-0.5128216569489251
-0.4924930804079117
-0.4775318127583049
-0.4614092726391569
-0.43585849752452394
-0.40921834509284866
-0.3912265580800485
-0.3641027265713965
-0.34619304455298144
-0.32844687087521157
-0.3026764684561491
-0.2862025432039711
-0.2703398366292094
-0.24794918457584705
-0.23405052251194328
-0.21527697723084474
-0.1991725108622369
-0.19015864640723693
-0.18253493360529852
-0.17620848430411862
-0.1695340356664534
-0.1659821186913346
-0.1653132574667717
-0.16586876507051926
-0.16758149828985403
-0.17258883961239804
-0.1802522425806611
-0.18680865544703554
-0.1980317823438316
-0.20619136779024802
-0.21881819630318516
-0.22302247202688238
-0.2396135208737755
-0.24757823329212472
-0.2550704601370232
-0.2651588634257458
-0.27089527403849595
-0.2780456001736689
-0.2816529286030756
-0.284123291249583
-0.28548443449111216
-0.28464015554048167
-0.28255238019610995
-0.2766003675511679
-0.2673734133951319
-0.2595887714157483
-0.2505368831033147
-0.23509927634316255
-0.21767105730277397
-0.2052428366616421
-0.1855138598484941
-0.1718744667150388
-0.1578278458212409
-0.14356150697745013
-0.12193208778876446
-0.10765408135855585
-0.08681806951936316
-0.07338548815353291
-0.05429591909777794
-0.04231655624769346
-0.030914872089878663
-0.014959209609711517
-0.005049520582198644
0.004057972731320598
0.020380496079685895
0.027407026707378122
0.03374833125049892
0.039504783572873944
0.046743857790772295
0.050694959377696115
0.05692966580899439
0.058010066806716616
0.06004656458606524
0.061972117210453086
0.0628041366414699
0.06274014878728872
0.06228231177147371
0.0608976192807428
0.0587362210762947
0.057037815890688986
0.053900715466504615
0.052654066063628054
0.048982573009530225
0.046464388413211266
0.04235932433902313
0.03946148679006038
0.035006204909187176
0.03196655967207512
0.029114903827269306
0.024835258720972607
0.022042664520948572
0.018135505676051898
0.015628685549304595
0.012158280228496998
0.010101931599634809
