0.0012372365535026127
0.001260132247278662
0.006836600960293259
0.02874904457223952
0.06263219462498736
0.089596028815778
0.11883927465190272
0.1670568899534465
0.201239319754194
0.2547165354382351
0.30972036519854584
0.3282687529592782
0.384155595426524
0.4398802996997586
0.4583371768935502
0.5311322338464916
0.5489507593476086
0.6016455919193849
0.6358407113641272
0.685414768446961
0.7173964458514399
0.7482995499063022
0.8068304862782687
0.8344560457988303
0.860990673845667
0.886365199030559
0.9339200853662234
0.9561234048590481
0.9875230259785325
1.0072011219845447
1.0261429860390843
1.044751325136292
1.0720793336046683
1.090136979287274
1.1084095397957021
1.1455643028212914
1.1550848513674448
1.1843786215326577
1.2150137873055515
1.23635239886376
1.258502057427901
1.293262653404494
1.3302804071048742
1.3562199788356804
1.3830475063734402
1.4252153872528923
1.4397555941236595
1.484436728957448
1.530891073344742
1.5626734424624076
1.5952160516418994
1.6450128429018935
1.6956666544993135
1.7298410199448513
1.7641624603449475
1.815685110575427
1.8500976497892758
1.9015105007360253
1.9523816963347829
1.9692130871923195
2.522642223423788
2.5223384919858516
2.52373294001242
2.529814085185975
2.538806720724387
2.6060872030632245
2.6075573548341016
2.6122323243390135
2.622966149266934
2.632253959104048
2.6485093224626413
2.660880210169131
2.767926489190826
2.7758557101210224
2.7637817216096527
2.7818104996757986
2.796191874615642
2.819934978457871
2.8376186349704775
2.8660395156402294
2.8862654307383306
2.9183414978383775
2.95243888192651
2.9641644588308416
3.000957315673114
3.026635622177892
3.053186559804267
3.094812035574672
3.1236548730505422
3.168468582664216
3.1992397929477163
3.246657806204606
3.278955688166708
3.328555546015827
3.3621251366829044
3.3961598326240985
3.4476490331071283
3.499339619261631
3.5166127645461307
3.585566557295076
3.60279671176132
3.6541341582565927
3.688025086264878
3.7547920650938003
3.78756587594774
3.8355917917245153
3.8513488245948917
3.897532703178258
3.92741534508397
3.9566737639688707
3.9993376730698693
4.040674076451128
4.067445523627471
4.093685082364024
4.132272688786551
4.17034970121073
4.1954627116583945
4.2206623731858235
4.258531188000051
4.283889593565512
4.322438866689719
4.348538726078674
4.388498173755433
4.415712222708062
4.443526520118365
4.471882614404684
4.515660452907852
4.560614238681487
4.606815571609611
4.638230122510319
4.669955232685227
4.718192492426423
4.750619118896056
4.783174803747997
4.8321956825387575
4.864846605855808
4.913632087012556
4.9460381192052
4.994128478033347
5.025887686480404
5.07270680891518
5.088057318303277
5.133339352244396
5.16293877282073
5.220771391536056
5.2348892018756175
5.27677923925848
5.317914650501362
5.3587352317937835
5.385693925001144
5.412651612773001
5.452964981275114
5.479779843373636
5.520213403589062
5.547350329982663
5.588521643074535
5.616317675185407
5.63037523803325
5.67304468424432
5.71670157342323
5.761065732304317
5.791115949341383
5.821387576333203
5.867192505683505
5.8979266011191305
5.928752414731735
5.959558885918526
6.021296102143061
6.03664758971427
6.082305284895486
6.112561738373878
6.157470946243716
6.187073622603104
6.216626510885518
6.275295607432129
6.304551677203049
6.333815784859017
6.3630922657347915
6.407437717368637
6.452094164972442
6.481972465429919
6.512075825934918
6.542232947264842
6.587468515763923
6.632772988574244
6.662863177437774
6.7076301260476265
6.752156577661988
6.781713715014156
6.811242535666918
6.85549340762913
6.899804259408318
6.929534551533957
6.9593668237689785
6.989193174416566
7.019200265110962
7.064217440952461
7.094112351608991
7.138861813366007
7.183437652747254
7.198334742626889
7.242839226769064
7.287355512296464
7.3172120922684085
7.362058951603737
7.376943427299126
7.4218684249607705
7.451796974734143
7.496483242401861
7.526236099893707
7.570751082386024
7.615418635139996
7.645234816706405
7.675059456065193
7.719856020205737
7.764702871791915
7.794486364352601
7.839240403628256
7.869047145080546
7.898759185252191
7.943402250489004
7.973135904565829
8.017957539480882
8.047848817969642
8.092561643561766
8.107499280078029
8.167191653327938
8.182016616385267
8.226755584150554
8.271495064677374
8.286358240037123
8.331106138180916
8.375817458332667
8.405779296506662
8.45053236897408
8.480347600465107
8.510102999484689
8.554841619232075
8.584564602262022
8.61441294636434
8.659177774459861
8.703883895301317
8.748649040994275
8.778428812672393
8.808374588464305
8.83818391786307
8.867988406972687
8.912640572755933
8.942462105802328
8.987106412198303
9.016963552098634
9.061738542212911
9.106446284249161
9.13622805688521
9.165844246395181
9.209704994506426
9.238324917599497
9.266333354668294
9.307072625036913
9.346306227076582
9.371354947144276
9.395702769076147
9.430706921069776
9.463916902975992
9.474602192329739
9.505450338037113
9.534722638649727
9.553295015417003
9.57983806369527
9.596580164247936
9.612696252350688
9.628159102920124
9.65020707925275
9.66426943903283
9.684407732279654
9.69723388184797
9.715536311675445
9.72712055485422
9.743607757645977
9.753977322889655
9.768657403576778
9.778002061291394
9.786966902551441
9.799733959306135
9.807881164884737
9.819508705842534
9.830427691337679
9.837294710804683
9.84383976016239
9.850129627433832
9.861965031234764
9.864714213143381
9.872877270961707
9.88051017551379
9.885433202021625
9.89239559076046
9.896707907158119
9.902871389485917
9.906752618734544
9.910459557779944
9.9158351208451
9.920915382568307
9.924101779950568
9.927242247076155
9.949735777572377
9.949735777572377
9.949955677427964
9.952357408412087
9.957922468207954
9.9638298597853
9.976263986876003
9.987110949584734
10.00006133357424
10.015141086611118
10.053683963108236
10.066001775011127
10.12288059419198
10.153815347212099
10.20095982865217
10.216625377190281
10.246934308084438
10.289366181832454
10.31466263742477
10.346549288662088
10.369900443809389
10.380168909409962
10.385838411232045
10.387055416406028
10.380167609742772
10.36323340289349
10.346667296442556
10.326180343737649
10.27486311673301
10.26016454146689
10.228788908355774
10.177805241488798
10.141877319577068
10.067119014799308
10.029416063047336
9.97356603941792
9.936846905359316
9.8823170559352
9.864225165994279
9.80975560609352
9.754835670783667
9.717805593237777
9.68038749393339
9.642655563150985
9.585188389269895
9.526811937125135
9.487420329503816
9.427745562441553
9.387597472217061
9.347295122130163
9.286525673660238
9.245926141896932
9.20530096329621
9.144535702510057
9.104215682891914
9.044176646125853
9.004569472445745
8.945894293475643
8.88833544870758
8.850687740030574
8.813676903635493
8.759575178368467
8.724553898117925
8.690377188145241
8.657088684311566
8.593692473121763
8.563542404559705
8.534652911738888
8.493525636326854
8.467712392013944
8.443135158112035
8.408947597858075
8.387986829337798
8.368455914456225
8.341940779746201
8.326097605535985
8.305411980274975
8.29368518415321
8.279057786846142
8.271401300228991
8.262991794090922
8.259383735259403
8.257621378282474
8.258051034830949
8.262294399931514
8.267284033067709
8.273774654167555
8.286632825842581
8.302854539949609
8.31547529463072
8.329392044013439
8.35248515279262
8.369227511540549
8.396481897521845
8.415677538050861
8.435373614797275
8.45523699939652
8.485403691780988
8.515423772888989
8.535208147433796
8.554614085279606
8.582743322108305
8.600627683686508
8.626198889269295
8.642214415587937
8.65721424237164
8.677547054016003
8.69499361014759
8.709172524622506
8.713122956396452
8.722818339981789
8.729169007504032
8.731628427702875
8.732687264617889
8.73234874452579
8.72952829403045
8.723981960584823
8.718861504849183
8.709608402126618
8.702711503507789
8.695718703894945
8.685076727055058
8.678190794764516
8.668433166917684
8.662428356401154
8.657196862097836
8.650657456942323
8.647427829613804
8.643976492458474
8.643790089249661
8.64535799766883
8.64818854679705
8.655085195045357
8.661536522620558
8.673807363283014
8.683594576575352
8.700851381969517
8.713933737561511
8.735564152377535
8.802534664521701
9.837224219635031
9.83138734503377
9.847111657772322
9.868062196126052
10.214146066447976
10.218601271880189
10.232485581630273
10.262709204695042
10.287268427312618
10.38790360239473
10.673407079988761
10.678872125286935
10.676531557808698
10.690781336008103
10.706135902424558
10.7349002438421
10.756529524770183
10.803124120441435
10.814948643767021
10.850282244078315
10.88427426284263
10.905734489130559
11.041908166510332
11.04341654489116
11.045510041263256
11.053642054257
11.061295764301208
11.070205824532808
11.084895913910245
11.095133429282754
11.110287251651862
11.119836170945261
11.128935665025683
11.140943675183186
11.150597296264625
11.155510239332232
11.158893370392699
11.161208010477477
11.159675454888243
11.156396731412277
11.151085088913401
11.139139925975154
11.128500195444303
11.115931336336581
11.093267521716898
11.075785148212617
11.046183665203845
11.012834315702477
11.000940543462232
10.94978700236588
10.936187110390676
10.893344392061033
10.848413452182037
10.817722932768488
10.771270730898864
10.755800407082162
10.709459460476385
10.678850386332766
10.633814703010696
10.590115615264708
10.561971492121023
10.534678540190955
10.508295196191371
10.470863329506948
10.436125283655203
10.41463330185057
10.384872668606093
10.358333780483933
10.350168991401818
10.33515941432267
10.30965748031908
10.30439743700846
10.290735998897986
10.28349657308697
10.275636861317222
10.271049036596008
10.269769231055701
10.269758782099922
10.270833634671401
10.274755887991033
10.281107973675908
10.289099690945655
10.292088409128072
10.301061830108289
10.306989413729818
10.31573298477223
10.321227106373145
10.328466320525706
10.33253766631321
10.337130470124519
10.339722720472041
10.340079029202695
10.339721240087004
10.338181290686096
10.33545158063959
10.326940168297439
10.324072823855701
10.313900608449321
10.305835870723694
10.292017318910885
10.276445050151542
10.265252025548678
10.253688516445528
10.241683934575072
10.223077737502983
10.210350795116879
10.191093301148094
10.17159225709903
10.158780993989643
10.14002293689423
10.133896634555217
10.116271725114515
10.099587110811095
10.083948679600466
10.079043540972776
10.064931149600648
10.056081381429482
10.043857362230527
10.03279783155144
10.02945163376038
10.020017611721256
10.01176103578145
10.004657061965437
10.002511231490097
9.996868743790722
9.993705100458666
9.989727327329934
9.987491210487843
9.985797689876387
9.983843797297888
9.982655380995903
9.982308146822803
9.98212790371145
9.982512235889462
9.983123314042949
9.984317638209587
9.985874807446265
9.987111451913625
9.988304858704874
9.990456114902088
9.992130314237004
9.993846909457057
10.005332167669598
10.005275286716216
10.00561450191939
10.00763246512814
10.009640649139678
10.013282587195633
10.016611541717246
10.018217818320172
10.018312654223239
10.017395286306519
10.008276295304277
10.004372218737915
9.988759689753635
9.974673290128187
9.957506484516825
9.92618005403541
9.888331041913084
9.859747320801942
9.828675783307991
9.778148085590955
9.723939505347266
9.70533445083341
9.62949868731915
9.610434051818835
9.554357162683086
9.403713188725176
9.370151245300812
9.37098129804733
9.354954559842199
9.338674778584279
9.305189771070637
9.296340557921617
9.268908632720038
9.239400956432156
9.218526704987744
7.467776698110762
7.4683621664871565
7.472775103779163
7.476232358834088
7.474587825465845
7.478495348182698
7.478968194696587
7.476618639648412
7.469916180903838
7.466580674547421
7.453125723351349
7.434109651247339
7.426443880957217
7.399687880750328
7.367089852405
7.0893609883120305
7.0921868743543515
7.07796917238298
7.070515090487877
7.041598571010799
7.017952177674118
6.977461244877488
6.932188845193251
6.883255012875645
6.758811484096494
6.813580560414067
6.300562517866998
6.3000217246064985
6.3010509477498315
6.280738737852048
6.24934308124032
6.223857501640846
6.195695701479467
6.165819979136631
6.117551658691009
6.083393343390383
6.011546300307085
5.9929957226994786
5.9552867416673365
5.877988572482572
5.838614231587193
5.7988519120012
5.738725424405735
5.698491365269186
5.638087692238806
5.597959958360617
5.557999328343506
5.498583580902486
5.4400935022981765
5.4015939305543315
5.363618276445583
5.326121179119468
5.270871312858753
5.217056568596383
5.181838875089236
5.12972571833293
5.112541230890456
5.060930270551445
5.02658482721931
4.974751355475457
4.939951906697132
4.887158514427147
4.851493087503006
4.81550746916253
4.760644090606539
4.704707821297733
4.666874276050156
4.6285266342933555
4.570269422554779
4.530902353657937
4.471248100444101
4.411038853398933
4.390869324604758
4.33015756065743
4.269194006995657
4.228574658038299
4.187931137299134
4.127135946321764
4.086705916773185
4.046392337406508
3.9859911874467806
3.945745366884966
3.885325884269523
3.824811701809217
3.784368930415182
3.7439010132517754
3.683022970018109
3.642338063925811
3.581176698439399
3.519897097527556
3.499465523553986
3.4381634360853717
3.376996990315959
3.3363673887285548
3.2959092426647643
3.2357428572134777
3.1960658677105176
3.137093460698724
3.098205940010808
3.0406398255330753
3.002736629045988
2.965366574956395
2.9097857599890826
2.8546189283237124
2.817899520433596
2.7628320139187736
2.725974284433061
2.6890796769137943
2.633273031069796
2.5957486086480057
2.557938221446805
2.5007146328304444
2.4622166437460082
2.4037700403894333
2.344599172933363
2.304777681474415
2.2646838354869523
2.2244401134113905
2.16372903824871
2.1027961095522447
2.0621156966194056
2.0213986293434885
1.9807621896439784
1.9199262577168963
1.8593739912572178
1.8192247643087622
1.759189788282879
1.7192169739101915
1.659298210026073
1.6393349687319487
1.559251485746166
1.519105304392709
1.4788307212590739
1.4182565124963873
1.3777656673300933
1.3168035604163728
1.2760497497950292
1.235205561428052
1.17393952756386
1.1332551316914394
1.092921090363765
1.0336998082479218
0.9765217360528466
0.9398353013750133
0.9046246211554809
0.8543214861851943
0.807222897872242
0.7776385180544438
0.7360220777975528
0.7100089707180447
0.6855010264861592
0.6622303815183823
0.6295445793516385
0.608897388406891
0.5795313081921153
0.5608918506072283
0.5339635792092077
0.5166323168248639
0.4997861474418392
0.47535249410804536
0.459581779790941
0.4440717733672221
0.41402271044086897
0.3993793944741982
0.385060363505253
0.3711402909562233
0.3507425444657291
0.3375132095543331
0.31208827332123396
0.3059218638857348
0.2939697571738295
0.2766552323221046
0.26014459984553473
0.24961957639070695
0.2394780646492418
0.22505314542591148
0.2115274239288086
0.20301981414685644
0.19103258497583692
0.18724632735713748
0.176423636715573
0.1696203694632044
0.16007876019264372
0.1541589845330257
0.14590431196038975
0.1407466994847755
0.13581120769971458
0.128810924439346
0.12438405578562985
0.11800011994865636
0.1139050373031641
0.10802237144148363
0.10423920201250099
