,0.00012906838933763286
,0.00012906838933763286
,0.00636156277273945
,0.018682269280418995
,0.04563323803602605
,0.06750740760131746
,0.10416382246586706
,0.13017044133902367
,0.1568811657906901
,0.19758595041440388
,0.22470743373184707
,0.2648057197333493
,0.2909639375086046
,0.32911899144659784
,0.3537209819178242
,0.38941886737100445
,0.4122450705214381
,0.4343440439306085
,0.4661088286925982
,0.48638863224261386
,0.5154534111310698
,0.533981358418301
,0.5605293261125985
,0.5774297242359675
,0.5936648554640427
,0.616889455375892
,0.6316640896308408
,0.6527266346568558
,0.6661348818069651
,0.685298502261975
,0.6974932581259873
,0.7148800471961867
,0.725870833797911
,0.7364321308172367
,0.7515046735463812
,0.7610919558860236
,0.7748236824126981
,0.7835761115480647
,0.7960256924633621
,0.803918674324491
,0.8151533445213038
,0.8222177983185139
,0.829069744074724
,0.8388475567299436
,0.8451260786320081
,0.8540626476924134
,0.8596950056739111
,0.8677331217693784
,0.8727921063527636
,0.8776802172153315
,0.8846968776153824
,0.8891654413590268
,0.8955792555934657
,0.899654492468732
,0.9054003436138662
,0.9188205030156037
,0.9257741759089354
,0.9385100360058876
,0.9660702932953593
,0.9885623359537972
,1.0132983229237713
,1.0536319270071623
,1.0819007929979434
,1.125635412594734
,1.1551524152559132
,1.1997020139723173
,1.2293231990150881
,1.2731790982072484
,1.3020166287973327
,1.3303694472696945
,1.3718000709559994
,1.3985798630552335
,1.437228843600842
,1.4620869529817855
,1.4978584534401462
,1.520520151810027
,1.542220642961088
,1.5729551755046665
,1.59210184814955
,1.618890594280365
,1.635308844492099
,1.6579486007028104
,1.6715436287559375
,1.689775800444902
,1.7005172521196226
,1.7100715980925303
,1.7221145181420252
,1.7286901606953466
,1.7365589197824858
,1.7402213062914735
,1.743788521214689
,1.7447566125105123
,1.7441418008736604
,1.742478523718868
,1.739688071101278
,1.733645875724853
,1.7283583377945575
,1.7187054595774696
,1.7112166356342762
,1.6985062294564703
,1.688936410548898
,1.678649713865891
,1.66184339984557
,1.649905794699317
,1.6308793359133098
,1.6175480233094093
,1.5966807352927364
,1.582224156220637
,1.5597902778485664
,1.544477834766084
,1.528979659430636
,1.5052695561161096
,1.4892065363523517
,1.4649765517572215
,1.448702972829192
,1.4243217223086826
,1.4080966749318422
,1.391941587670487
,1.3679071249697454
,1.35206232095239
,1.3286716473396765
,1.313384523752736
,1.290919392545633
,1.2763092705600636
,1.2549822549452028
,1.241175194244801
,1.227752402647529
,1.2082408153398203
,1.1956881304006874
,1.1775637043527851
,1.165948518136747
,1.1492759881369106
,1.138676110746185
,1.1234758557526894
,1.1138331887425972
,1.1045624996383006
,1.0913753864517088
,1.083067826027595
,1.0712539798189422
,1.0638254893534014
,1.0533375076939926
,1.046756775531458
,1.0405464582365112
,1.0317877206916015
,1.0263305042550512
,1.0187027784941889
,1.0139603480945267
,1.007388315682488
,1.0033601998640227
,0.9977603006993677
,0.9943294022109546
,0.9911154087206234
,0.986726862394523
,0.984080762548885
,0.9804521465730192
,0.97826651586185
,0.9753225052583817
,0.9735546433269601
,0.9719787956279995
,0.9698662249363463
,0.9686313057915963
,0.967027408987349
,0.9660982124388227
,0.9623959527424175
,0.9623959527424175
,0.9618369707223735
,0.9605782547559257
,0.9571183544003158
,0.9535480138028064
,0.9459071800900908
,0.9391040766319115
,0.9262140639869573
,0.9158115169387038
,0.897473981945697
,0.8835256819612738
,0.8682640255624192
,0.84312520357419
,0.8250201567741092
,0.7960233441756628
,0.7756474342145728
,0.7437659390641482
,0.721777671162344
,0.6993610270538363
,0.6649933967528076
,0.6417499252049603
,0.6065976691181407
,0.5830839191326717
,0.5479026681632528
,0.5246226482161374
,0.49003832517038576
,0.4673182325825847
,0.4449067695080771
,0.41194378551684113
,0.39047878733923364
,0.35908205967024376
,0.3387538396244602
,0.30921302948534146
,0.29018848143804454
,0.27173522333921224
,0.24505906080956244
,0.2279797022272367
,0.20343676260797275
,0.1878028743922078
,0.16545000179699354
,0.15128849372892605
,0.13111701917648672
,0.11839080755695709
,0.10622840796419997
,0.08899551774115143
,0.07817590382729217
,0.06291828722952483
,0.053386887178142356
,0.04001423420823104
,0.031706150467147094
,0.02010476290198002
,0.012929854570043182
,0.0061887020121173105
,-0.003163228842185351
,-0.008900772089130508
,-0.01681301929706271
,-0.021642936739364068
,-0.02823940092689091
,-0.03222691972234143
,-0.03589631623189555
,-0.0408663749651684
,-0.04384205470116359
,-0.04780208994698993
,-0.05013095477812168
,-0.05319079178277872
,-0.05494584895262183
,-0.0572121634526923
,-0.058496243143134924
,-0.059587606321991476
,-0.06091364591155777
,-0.061590186363388255
,-0.06235386963842814
,-0.06271097089838282
,-0.06299476554673741
,-0.06304110503324287
,-0.06291909961644108
,-0.06295846173478799
,-0.06295846173478799
,-0.06211822268866966
,-0.05800483798578465
,-0.05319652941602021
,-0.042135770475038595
,-0.031717705472782666
,-0.011059451476886636
,0.006238041448624786
,0.026378422128420613
,0.061561698852781524
,0.08809893800293304
,0.13185652311580648
,0.16325483281470907
,0.21293011214148072
,0.2472885021326406
,0.2998620126276321
,0.33516450578705737
,0.3703113488811399
,0.4221808404942194
,0.45583882815188387
,0.5044163433528199
,0.5352597609074974
,0.5788429982341254
,0.6059291645693464
,0.6313211850847171
,0.6660951363605336
,0.6869801419314171
,0.7148048103776738
,0.7310017511433013
,0.7517523522293887
,0.7632581981108574
,0.7771126002136025
,0.78412864998483
,0.7894674361134593
,0.7943820385570114
,0.7957040562223574
,0.7949258086661646
,0.7926579543116488
,0.7868557146649157
,0.7815081835428055
,0.7750268584908693
,0.7633574732561409
,0.7543773827556419
,0.7393355814931659
,0.7283768793466441
,0.7106419853534187
,0.6980809462608197
,0.6782803868055416
,0.6645239258162504
,0.6504365461280729
,0.6286546355229512
,0.6138078124192822
,0.5911710234337993
,0.5758957221908637
,0.5528487514008771
,0.5374680229324122
,0.5143808303430909
,0.49906172499567386
,0.483815293327099
,0.4611450508964907
,0.44621963581666335
,0.4241042584581294
,0.4096038045224694
,0.38825314366221514
,0.3743067281971604
,0.36064511481547534
,0.3405820665100031
,0.3275368557462913
,0.308489808560528
,0.29614544164157336
,0.27820274847287524
,0.26664264930730747
,0.24985049601536682
,0.2390489898175095
,0.22854987726632836
,0.21336956977234003
,0.20363893474129968
,0.18958160209286798
,0.1805863101123736
,0.1676468379968252
,0.15938310309206696
,0.15142732375362267
,0.1399859872684423
,0.13269619194373303
,0.12226052222738956
,0.1156269267275065
,0.10616251588994831
,0.10017459579786249
,0.09163178157458284
,0.08623243129697561
,0.08105817204296775
,0.07370130496775186
,0.0690624397274639
,0.062473659722337094
,0.058326526778271416
,0.05245780488658013
,0.04877325643630192
,0.04357240059371834

