,-0.00011797538588603322
,-0.00011797538588603322
,-5.443501018464278e-05
,0.00021574992008154733
,0.00017243235590396773
,7.68013306597635e-05
,7.404468520096378e-05
,-4.159185503201786e-05
,-0.000175472440735015
,-0.00012108005130197791
,0.0002702630452840828
,0.00024085316448972316
,0.00011425627719442091
,7.789326331054558e-05
,7.233272895525044e-05
,-6.000245538224988e-05
,-5.80256884575541e-05
,0.00021717287501625071
,0.00021364532139956258
,7.855228506319003e-05
,7.65413760955097e-05
,5.745241358917145e-05
,-0.00013295156518745998
,-0.00018433796052962905
,0.0002526307084420591
,0.0002446801172186979
,0.00010903385135273181
,3.176924374248405e-06
,6.967662947533052e-05
,-5.803395482808612e-05
,-0.00012462834864920543
,0.0001232709644123201
,0.00020728977815952262
,0.0001487346012890128
,4.755730307010983e-06
,4.486230299192614e-05
,-0.00014104330504331871
,-0.00018971209094125475
,5.374450699536544e-05
,0.00025357233989618794
,0.00017709717581500093
,1.363752858315231e-05
,5.6213764594483246e-05
,-3.4885204574370873e-05
,-0.00013797052118952303
,-7.502580092747108e-05
,0.00019378779005895338
,0.00015040506302467223
,5.3959992766165854e-05
,4.9856913464610103e-05
,-6.67084151135973e-05
,-0.00020195819529266905
,-0.0001482562392203797
,0.00022779095909952835
,0.00021207706887285788
,-8.12881908710356e-05
,1.680803960242158e-05
,0.0004747092601570773
,0.0015501186395901838
,0.0027848351998521455
,0.005939655482108386
,0.009130838728555465
,0.013114108189521948
,0.021240771148340467
,0.02829823407828582
,0.04078998075203395
,0.050355947886573556
,0.06675230233203812
,0.07923849674371371
,0.09986200501235673
,0.11502069243437903
,0.13111749411027548
,0.15733857902791012
,0.17604892293180852
,0.20575676117219893
,0.22662751873247017
,0.25936872757081975
,0.28215318110397264
,0.3055650333999578
,0.341969700390717
,0.3669049540496757
,0.4052411896880033
,0.43125338642190897
,0.4709413606188448
,0.49777097139416526
,0.5383893856539061
,0.565629551537813
,0.5928869129273453
,0.6339104075584953
,0.6612626159173423
,0.7019157242126568
,0.7288496764882084
,0.7686572606286171
,0.7948053253060492
,0.8206117517991172
,0.8587177734872508
,0.8834176609554563
,0.9195912608451489
,0.9430508920734801
,0.9769348400584078
,0.9988008791620001
,1.03029129487296
,1.0503682375763355
,1.069567317486944
,1.0971221522272172
,1.114498403913234
,1.1391240039902273
,1.154466544744725
,1.175982938885602
,1.1891551650280654
,1.2015798326711382
,1.218759434647544
,1.2291025040444143
,1.2430266379021726
,1.2513169219935798
,1.2620118946692356
,1.2683841637271462
,1.2764769307448984
,1.2808861192168524
,1.2846092614082878
,1.2889307584560925
,1.2910235975058524
,1.2930122343731116
,1.2936149214889476
,1.2935433302561048
,1.292878768682572
,1.291022653417499
,1.2892679572729862
,1.2871064162999595
,1.2831973070893123
,1.2801812928037262
,1.2751020279052472
,1.2713927073162266
,1.2653801012839074
,1.2611130853447514
,1.2566709174946136
,1.2496981348204725
,1.244879501519368
,1.2374326710066956
,1.232354831807965
,1.2246050610292631
,1.2193759380167388
,1.2114659296178252
,1.2061717118809798
,1.20087702116038
,1.1929283723149957
,1.1876472775728386
,1.1797757280961472
,1.1745741627458457
,1.1668664023158926
,1.161809652519464
,1.1568100662931602
,1.1494294450474973
,1.144591996004162
,1.1374907039759057
,1.1328727926700104
,1.1260956453567288
,1.121692742809215
,1.1152661398881614
,1.1110960521379734
,1.1070463513456217
,1.1011276366383838
,1.0973008738819199
,1.083063028237437
,1.077887029791056
,1.066565679066687
,1.041182197585792
,1.0203051454284546
,0.9851672052893016
,0.9601263078796625
,0.9213893980810736
,0.8953431948576832
,0.8566552419143996
,0.831467373497969
,0.8069717883898159
,0.771807007107276
,0.7495811873450235
,0.7182719331881604
,0.698843772676399
,0.6719582056243976
,0.6555858939759053
,0.6333497894024013
,0.6200744040148319
,0.6080386736655091
,0.5922387152633454
,0.5831887189971915
,0.5717360432042113
,0.5654659590629416
,0.5580532839699182
,0.55437061339353
,0.5516574083621949
,0.549271731671429
,0.5487350193418948
,0.5494508790303346
,0.5508598216247577
,0.5542596056699829
,0.5573326994505341
,0.5630044253753986
,0.5674223223025041
,0.5723411529455945
,0.580551440615565
,0.5865363792520715
,0.5961429516789057
,0.6029052652479203
,0.6135737867780103
,0.6209639140720956
,0.6285589823594203
,0.6402454625233304
,0.6481825978451242
,0.6603116780437274
,0.6684870135918747
,0.6808319890081279
,0.689099629450182
,0.7014716614188136
,0.7096635922261166
,0.717837065186402
,0.730014366585143
,0.7380686005274918
,0.749977289365861
,0.757775706723245
,0.7693088541597817
,0.7768497725666846
,0.7842791080966763
,0.7951744703156316
,0.8022550177977111
,0.8126461672995885
,0.8193923786143886
,0.8292306814146924
,0.8356091913873862
,0.8448670107865921
,0.8508220351374658
,0.8566380276435327
,0.8650810912322118
,0.8705316916740359
,0.8784040429792072
,0.8834444292354925
,0.8907451739350059
,0.8954234511486006
,0.9021625694413424
,0.9174708458550628
,0.9208111234300612
,0.9367204404446585
,0.9524799954165217
,0.9810291814239325
,1.002005047521485
,1.0344062053236978
,1.0556687064109334
,1.0856142791182604
,1.1035993757793976
,1.1195189601921671
,1.1388523980229912
,1.1483619980689144
,1.1572014327578435
,1.1593525530500772
,1.1568447512733953
,1.151399695499595
,1.137755130608945
,1.1251419339265814
,1.109923242104577
,1.0824372616818996
,1.061274763579024
,1.025717356173146
,0.9997279384357374
,0.9578241296334522
,0.9282293767331803
,0.8974775529161483
,0.8495697964480367
,0.8166906874878568
,0.7663996926795592
,0.7324636316183902
,0.6812259961100738
,0.6470704073371684
,0.5961129874447506
,0.5624932051666736
,0.5292904508129502
,0.4803230401306663
,0.4483808458071645
,0.40168816696467446
,0.37147019548865245
,0.3276291382613818
,0.2994726875144657
,0.272187186028109
,0.2329085137540739
,0.2078659164718519
,0.1720591404410367
,0.1493866739802164
,0.11715900880781142
,0.09687744392064068
,0.06822749208168223
,0.05031133430677037
,0.03331829036417955
,0.009491707041538342
,-0.0052963760535663686
,-0.02588299609662103
,-0.03855908846371246
,-0.05607716411925403
,-0.06678539721291929
,-0.08144671548434493
,-0.0903208555560971
,-0.09850027801948949
,-0.1095642525679896
,-0.11616994144837103
,-0.12495968490581995
,-0.1301141160707634
,-0.13685498995993983
,-0.14070968316914778
,-0.14411336855547652
,-0.14836878501225173
,-0.15068139050751403
,-0.1534217880166632
,-0.15477989291015107
,-0.15620339684055007
,-0.15677581143536454
,-0.1570708907437596
,-0.15693363732294266
,-0.15653757588271433
,-0.15553629582867218
,-0.15462559913204646
,-0.1528803068527939
,-0.15150250692927808
,-0.14915168810141463
,-0.14739876798775695
,-0.14555856674976905
,-0.14255828487142166
,-0.14043330449246258
,-0.1370898474836972
,-0.13475448541611912
,-0.13116304772943832
,-0.12872813900498692
,-0.12497006917358847
,-0.12242582445664449
,-0.11984325804996836
,-0.11595650427764898
,-0.11337148803883612
,-0.10945356758093046
,-0.10684293425569599
,-0.1029442650853931
,-0.10034542985632837
,-0.09780316358385395

